int 0 -1
main 1 -1
( 7 -1
) 8 -1
{ 9 -1
int 0 -1
a 0 0
; 11 -1
int 0 -1
b 0 1
; 11 -1
int 0 -1
c 0 2
; 11 -1
c 0 2
= 20 -1
0 1 0
; 11 -1
pi 0 3
= 20 -1
3.14 1 1
; 11 -1
aa 0 4
= 20 -1
3.453232 1 2
; 11 -1
cin 2 -1
>> 13 -1
a 0 0
; 11 -1
cin 2 -1
>> 13 -1
b 0 1
; 11 -1
while 3 -1
( 7 -1
a 0 0
!= 12 -1
b 0 1
) 8 -1
{ 9 -1
if 6 -1
( 7 -1
a 0 0
> 18 -1
b 0 1
) 8 -1
{ 9 -1
a 0 0
= 20 -1
a 0 0
- 15 -1
b 0 1
; 11 -1
} 10 -1
else 5 -1
{ 9 -1
b 0 1
= 20 -1
b 0 1
- 15 -1
a 0 0
; 11 -1
} 10 -1
} 10 -1
cout 4 -1
<< 14 -1
a 0 0
; 11 -1
} 10 -1
